170    120    0
195    120    0
225    120    0
255    120    0
285    119    0
314    116    0
344    114    0
374    113    0
403    110    0
434    107    0
464    105    0
494    102    0
524    98     0
554    99     0
584    102    0
613    105    0
643    108    0
673    110    0
702    113    0
732    115    0
762    116    0
792    118    0
822    119    0
852    119    0
853    148    0
855    179    0
858    209    0
860    238    0
863    269    0
865    299    0
868    329    0
869    359    0
870    389    0
870    419    0
872    449    0
871    479    0
871    509    0
870    539    0
870    568    0
872    606    0
843    598    0
814    595    0
798    592    0
770    600    0
741    609    0
712    618    0
683    626    0
676    629    0
645    627    0
615    622    0
586    622    0
555    622    0
526    621    0
496    619    0
466    618    0
436    618    0
406    618    0
376    618    0
345    618    0
315    620    0
285    622    0
254    624    0
229    626    0
223    595    0
217    566    0
210    537    0
202    508    0
194    478    0
186    449    0
179    419    0
170    392    0
163    362    0
158    334    0
158    306    0
157    295    0
154    246    0
153    215    0
149    186    0
146    156    0