276   53     0
275   104    0
277   154    0
278   205    0
281   236    0
330   242    0
379   249    0
428   255    0
478   258    0
520   260    0
578   263    0
620   263    0
670   260    0
720   257    0
766   255    0
770   313    0
780   361    0
786   388    0
780   438    0
775   489    0
773   517    0
712   520    0
663   525    0
638   529    0
589   512    0
539   516    0
489   511    0
440   507    0
390   505    0
340   505    0
289   508    0
255   511    0
260   492    0
262   412    0
263   361    0
261   312    0
257   263    0
250   213    0
245   180    0